1786652209212 1.7107490849999092 1
1786652303493 0.7177226812196708 2
1786652413156 0.6785244519905731 3
1786652554012 0.6454173458663204 4
1786652707749 0.607844875099523 5
1786652862349 0.5790990648107506 6
1786652985966 0.5543007647451256 7
1786653090178 0.5296116377612764 8
1786653193807 0.5311858676760379 9
1786653302734 0.4893562554214525 10
1786653413756 0.47904720747874524 11
1786653524116 0.47050433171904243 12
1786653634786 0.45451375853591247 13
1786653792792 0.42568109897838896 14
1786653966506 0.41089088643154154 15
1786654152072 0.3945598236695922 16
1786654340020 0.39131255050372493 17
1786654531434 0.37055312371931853 18
1786654724182 0.34233223299313176 19
1786654918467 0.33201702463063093 20
1786655111981 0.32147506803831966 21
1786655306961 0.30000844610164906 22
1786655500460 0.2891434225580968 23
1786655699373 0.26944890383278103 24
1786655898271 0.25262275860533234 25
1786656092725 0.22874235687238487 26
1786656286912 0.22802004544270654 27
1786656484176 0.22421438933208698 28
1786656679799 0.20651350092131643 29
1786656873945 0.2040873071579852 30
1786657076373 0.20854833743218687 31
1786657271843 0.18762633776267454 32
1786657464247 0.19786676765765646 33
1786657656962 0.17836042527220627 34
1786657856394 0.17339239627280428 35
1786658052523 0.1853645371060522 36
1786658249230 0.18592926301833884 37
1786658443456 0.15875737491959435 38
1786658640623 0.14624147064550586 39
1786658835092 0.1455535861292402 40
1786659028720 0.13888744256165236 41
1786659225383 0.13816637083183342 42
1786659424936 0.13613689199339102 43
1786659622016 0.13806750049785574 44
1786659816478 0.13162810359150703 45
1786660012289 0.12550103886776573 46
1786660208701 0.12582778078834572 47
1786660405282 0.11897429186866222 48
1786660601240 0.13952028602979102 49
1786660795244 0.11794701471694845 50
1786660994124 0.10403770563057073 51
1786661187618 0.10960042513273566 52
1786661391342 0.10945436220489957 53
1786661592538 0.1154024869071567 54
1786661787886 0.3812831807011348 55
1786661983083 0.16887478064892036 56
1786662174409 0.12311552573968929 57
1786662367066 0.11097850501835389 58
1786662562028 0.10466932874119168 59
1786662755068 0.10435966002564717 60
1786662949413 0.09091270209244445 61
1786663140258 0.09263257074961152 62
1786663337863 0.08857770447512409 63
1786663537332 0.08790311096804297 64
1786663729228 0.08339206192545047 65
1786663919579 0.07980672248343362 66
1786664112932 0.08468823849445374 67
1786664305063 0.07462968979180412 68
1786664494289 0.08111627305924236 69
1786664685563 0.08552942875837118 70
