1786652209212 0.504643520502929 1
1786652303493 0.5290755822260322 2
1786652413156 0.5835119302757537 3
1786652554012 0.6282326046578083 4
1786652707749 0.6760965852264609 5
1786652862349 0.691670238605515 6
1786652985966 0.7226746678096871 7
1786653090178 0.7375339334190598 8
1786653193807 0.7368195456493785 9
1786653302734 0.760822974710673 10
1786653413756 0.7682526075153593 11
1786653524116 0.7806829547078155 12
1786653634786 0.7868266895270754 13
1786653792792 0.8029718531218746 14
1786653966506 0.8142591798828404 15
1786654152072 0.8234033433347621 16
1786654340020 0.8284040577225318 17
1786654531434 0.836262323189027 18
1786654724182 0.8519788541220175 19
1786654918467 0.8585512216030862 20
1786655111981 0.8621231604514931 21
1786655306961 0.8724103443349049 22
1786655500460 0.8778396913844835 23
1786655699373 0.8866980997285326 24
1786655898271 0.8968424060580082 25
1786656092725 0.9038434062008859 26
1786656286912 0.9042720388626947 27
1786656484176 0.90598656950993 28
1786656679799 0.9147021003000428 29
1786656873945 0.9154164880697242 30
1786657076373 0.912701814544935 31
1786657271843 0.9232747535362195 32
1786657464247 0.9187026718102586 33
1786657656962 0.9281325903700529 34
1786657856394 0.9271324474924989 35
1786658052523 0.9264180597228175 36
1786658249230 0.9227032433204744 37
1786658443456 0.9339905700814402 38
1786658640623 0.9411344477782541 39
1786658835092 0.9417059579939991 40
1786659028720 0.9428489784254893 41
1786659225383 0.9422774682097442 42
1786659424936 0.9429918559794256 43
1786659622016 0.9449921417345335 44
1786659816478 0.9474210601514502 45
1786660012289 0.9485640805829404 46
1786660208701 0.9501357336762395 47
1786660405282 0.9541363051864552 48
1786660601240 0.9441348764109159 49
1786660795244 0.9515645092156022 50
1786660994124 0.9565652236033719 51
1786661187618 0.9568509787112445 52
1786661391342 0.9539934276325189 53
1786661592538 0.9572796113730533 54
1786661787886 0.8278325475067867 55
1786661983083 0.9322760394342049 56
1786662174409 0.9488498356908129 57
1786662367066 0.9558508358336906 58
1786662562028 0.9572796113730533 59
1786662755068 0.9579939991427346 60
1786662949413 0.9624232033147593 61
1786663140258 0.9628518359765681 62
1786663337863 0.9634233461923132 63
1786663537332 0.9655665095013574 64
1786663729228 0.9659951421631662 65
1786663919579 0.9681383054722104 66
1786664112932 0.9679954279182741 67
1786664305063 0.9695670810115731 68
1786664494289 0.9691384483497643 69
1786664685563 0.9657093870552936 70
